1.8360640000000217
2.215418999999983
2.441359999999918
2.2473079999998333
2.2283580000000995
2.261948000000018
2.4256579999999985
2.4115950000001476
2.4079469999997514
2.4525330000000167
2.540735000000268
2.5415939999991224
2.388914999999656
2.453958000000057
2.439426000000026
2.4430230000000392
2.5379530000001296
2.4071490000008
2.4999500000010357
2.2331389999988005
2.081797999999935
2.5556549999996605
2.2007929999995213
2.0956380000002355
2.0898679999997967
5.767666999999975
5.582508999999945
6.293939999999878
6.228439000000037
6.271844999999928
6.20456699999977
6.3247010000008
6.15328699999975
5.231502000000887
6.243894000000523
6.363629000000401
6.405836000000249
6.735343999999031
7.046057999998993
6.934102999999595
7.168324999998276
5.936934000000747
6.776079999999638
6.381615000000693
6.186569000000418
5.323823999997558
