2.513703000000003
3.8112039999999183
3.575401000000017
4.740089999999938
3.7890270000000896
3.7013720000000205
3.57160999999968
3.436068999999918
3.9085920000001693
3.889923000000408
3.653403000000594
4.693622000000005
4.482717000000321
3.923805000000243
4.139275999999313
3.420933000000332
4.019627000000241
3.433147000000872
3.9333790000002864
4.874000999999907
3.9981749999979
3.6032910000012635
4.32424900000251
4.046600000000126
3.6900909999981195
4.700143000001617
4.6327740000010635
4.942778999998609
5.113091000002441
5.220204000001104
4.980752000001075
4.316291999998612
5.070813999997881
3.261854000000767
3.735344000001078
3.9054050000013376
3.3935070000015912
4.181191000003764
