2.381371999999992
1.6575679999999942
2.101467000000021
2.2242910000000364
2.182378999999983
2.09437099999991
2.2032840000001386
2.1353229999999996
2.2149359999999376
2.2406830000004447
2.2090750000002686
2.217820000000245
1.4566189999998187
1.4399070000002325
1.905014000000108
1.4303659999999923
1.4146969999999328
1.5763290000004417
1.7147190000002865
1.5219280000003437
1.3954470000006722
1.5512120000000778
1.5508960000008756
1.8353570000004993
5.411946999999998
5.598381000000018
5.257175000000245
5.111942000000397
4.816266000000212
5.025781000000677
5.271675999999729
5.089675000000966
4.193038999998748
5.67279199999939
5.516845999999873
5.006565000001501
5.2959890000011
5.081581999999798
5.159182000000101
5.424113999999918
5.336638000004086
5.652683000000707
5.456709999999475
5.6688049999995656
5.16962599999988
5.286224999999831
5.205660000002808
5.0905219999986
5.058014000001549
5.079605000000356
5.2321390000026895
